{
    "fl_x": 100.0,
    "fl_y": 100.0,
    "cx": 180.0,
    "cy": 100.0,
    "w": 360,
    "h": 200,
    "k1": 0.0,
    "k2": 0.0,
    "p1": 0.0,
    "p2": 0.0,
    "aabb_scale": 20.0,
    "frames": [
        {
            "file_path": "./MWH_Runway04_morning_overcast_1_2018.png",
            "transform_matrix": [
                [
                    0.4124661830515019,
                    -0.07939652083729751,
                    0.9075063858275917,
                    24.287066916087078
                ],
                [
                    -0.9109729127910035,
                    -0.035948796542145306,
                    0.4108966246980456,
                    -0.007192147278904493
                ],
                [
                    1.2199866483456202e-16,
                    -0.9961946980917457,
                    -0.08715574274765818,
                    1.4180000000000001
                ],
                [
                    0.0,
                    0.0,
                    0.0,
                    1.0
                ]
            ]
        },
        {
            "file_path": "./MWH_Runway04_morning_overcast_1_2042.png",
            "transform_matrix": [
                [
                    -0.017247779935428774,
                    -0.08714277798053836,
                    0.996046510125473,
                    52.554691440803836
                ],
                [
                    -0.9998512459797704,
                    0.0015032430710203274,
                    -0.017182146925527338,
                    3.5473374053407136
                ],
                [
                    1.2199866483456204e-16,
                    -0.9961946980917458,
                    -0.0871557427476582,
                    1.4180000000000001
                ],
                [
                    0.0,
                    0.0,
                    0.0,
                    1.0
                ]
            ]
        },
        {
            "file_path": "./MWH_Runway04_morning_overcast_1_2033.png",
            "transform_matrix": [
                [
                    0.15158605567382705,
                    -0.08614857656545002,
                    0.984682735951534,
                    41.561564346481894
                ],
                [
                    -0.9884440640346077,
                    -0.013211595272440382,
                    0.15100922496690666,
                    3.6926806676956514
                ],
                [
                    1.2199866483456204e-16,
                    -0.9961946980917458,
                    -0.0871557427476582,
                    1.4180000000000001
                ],
                [
                    0.0,
                    0.0,
                    0.0,
                    1.0
                ]
            ]
        },
        {
            "file_path": "./MWH_Runway04_morning_overcast_1_2060.png",
            "transform_matrix": [
                [
                    -0.29938191004037684,
                    -0.0831582018207283,
                    0.9505025962145077,
                    73.58076313137173
                ],
                [
                    -0.954133361716577,
                    0.026092852734781506,
                    -0.29824267148680333,
                    -1.945111037069105
                ],
                [
                    1.2199866483456204e-16,
                    -0.9961946980917458,
                    -0.0871557427476582,
                    1.4180000000000001
                ],
                [
                    0.0,
                    0.0,
                    0.0,
                    1.0
                ]
            ]
        },
        {
            "file_path": "./MWH_Runway04_morning_overcast_1_2003.png",
            "transform_matrix": [
                [
                    0.31952195135482064,
                    -0.08258694058241765,
                    0.9439730503820775,
                    5.918395761473723
                ],
                [
                    -0.9475788740798351,
                    -0.027848172994510614,
                    0.318306073863601,
                    -6.673369570845048
                ],
                [
                    1.2199866483456202e-16,
                    -0.9961946980917458,
                    -0.0871557427476582,
                    1.4180000000000001
                ],
                [
                    0.0,
                    0.0,
                    0.0,
                    1.0
                ]
            ]
        },
        {
            "file_path": "./MWH_Runway04_morning_overcast_1_2035.png",
            "transform_matrix": [
                [
                    0.1131601383685457,
                    -0.08659592071708133,
                    0.9897959030020143,
                    44.05351316810501
                ],
                [
                    -0.9935767625525528,
                    -0.009862555908938494,
                    0.11272952987807354,
                    3.817843184024096
                ],
                [
                    1.2199866483456204e-16,
                    -0.9961946980917457,
                    -0.08715574274765818,
                    1.4180000000000001
                ],
                [
                    0.0,
                    0.0,
                    0.0,
                    1.0
                ]
            ]
        },
        {
            "file_path": "./MWH_Runway04_morning_overcast_1_2025.png",
            "transform_matrix": [
                [
                    0.2988828022851547,
                    -0.0831718385126575,
                    0.9506584643164958,
                    32.00235207679908
                ],
                [
                    -0.9542898252093929,
                    -0.026049352627664245,
                    0.29774546298727456,
                    2.2613853796776278
                ],
                [
                    1.2199866483456204e-16,
                    -0.9961946980917458,
                    -0.0871557427476582,
                    1.4180000000000001
                ],
                [
                    0.0,
                    0.0,
                    0.0,
                    1.0
                ]
            ]
        },
        {
            "file_path": "./MWH_Runway04_morning_overcast_1_2015.png",
            "transform_matrix": [
                [
                    0.4470517961313223,
                    -0.0779615154431644,
                    0.8911041991179057,
                    20.997987877904407
                ],
                [
                    -0.8945080723927308,
                    -0.038963131338500163,
                    0.4453506290784152,
                    -1.261705167092317
                ],
                [
                    1.2199866483456204e-16,
                    -0.9961946980917458,
                    -0.0871557427476582,
                    1.4180000000000001
                ],
                [
                    0.0,
                    0.0,
                    0.0,
                    1.0
                ]
            ]
        },
        {
            "file_path": "./MWH_Runway04_morning_overcast_1_2069.png",
            "transform_matrix": [
                [
                    -0.1846764617039207,
                    -0.08565660918932641,
                    0.9790595231111885,
                    85.44759087460965
                ],
                [
                    -0.9827993714347404,
                    0.01609561418781454,
                    -0.1839737120117891,
                    -6.046347187483662
                ],
                [
                    1.2199866483456204e-16,
                    -0.9961946980917457,
                    -0.08715574274765818,
                    1.4180000000000001
                ],
                [
                    0.0,
                    0.0,
                    0.0,
                    1.0
                ]
            ]
        },
        {
            "file_path": "./MWH_Runway04_morning_overcast_1_2056.png",
            "transform_matrix": [
                [
                    -0.26786368294438406,
                    -0.08397079490414412,
                    0.9597905776588127,
                    68.87047323960681
                ],
                [
                    -0.9634568217411048,
                    0.023345858242140895,
                    -0.26684438076052375,
                    -0.140915220504507
                ],
                [
                    1.2199866483456204e-16,
                    -0.9961946980917458,
                    -0.0871557427476582,
                    1.4180000000000001
                ],
                [
                    0.0,
                    0.0,
                    0.0,
                    1.0
                ]
            ]
        },
        {
            "file_path": "./MWH_Runway04_morning_overcast_1_2017.png",
            "transform_matrix": [
                [
                    0.42553245925827127,
                    -0.07887099341249097,
                    0.9014995798755177,
                    23.236703538869104
                ],
                [
                    -0.9049431618160381,
                    -0.03708759754989234,
                    0.4239131797790316,
                    -0.3940197635268341
                ],
                [
                    1.2199866483456204e-16,
                    -0.9961946980917457,
                    -0.08715574274765818,
                    1.4180000000000001
                ],
                [
                    0.0,
                    0.0,
                    0.0,
                    1.0
                ]
            ]
        },
        {
            "file_path": "./MWH_Runway04_morning_overcast_1_2038.png",
            "transform_matrix": [
                [
                    0.05993118760714362,
                    -0.0869990812494091,
                    0.9944040489729296,
                    47.511021525479
                ],
                [
                    -0.998202510892453,
                    -0.005223347169649971,
                    0.059703131344578185,
                    3.845113139836407
                ],
                [
                    1.2199866483456204e-16,
                    -0.9961946980917458,
                    -0.0871557427476582,
                    1.4180000000000001
                ],
                [
                    0.0,
                    0.0,
                    0.0,
                    1.0
                ]
            ]
        },
        {
            "file_path": "./MWH_Runway04_morning_overcast_1_2043.png",
            "transform_matrix": [
                [
                    -0.03712699288731514,
                    -0.08709565370303053,
                    0.9955078771688286,
                    53.854706394453935
                ],
                [
                    -0.9993105555327361,
                    0.0032358306410808528,
                    -0.03698571347043331,
                    3.4088631987319884
                ],
                [
                    1.2199866483456202e-16,
                    -0.9961946980917457,
                    -0.08715574274765818,
                    1.4180000000000001
                ],
                [
                    0.0,
                    0.0,
                    0.0,
                    1.0
                ]
            ]
        },
        {
            "file_path": "./MWH_Runway04_morning_overcast_1_2054.png",
            "transform_matrix": [
                [
                    -0.23401821526533956,
                    -0.0847356205992162,
                    0.9685325753559821,
                    66.6631954623765
                ],
                [
                    -0.9722322124492819,
                    0.02039603136793191,
                    -0.23312770530422403,
                    0.619223043756163
                ],
                [
                    1.2199866483456204e-16,
                    -0.9961946980917457,
                    -0.08715574274765818,
                    1.4180000000000001
                ],
                [
                    0.0,
                    0.0,
                    0.0,
                    1.0
                ]
            ]
        },
        {
            "file_path": "./MWH_Runway04_morning_overcast_1_2062.png",
            "transform_matrix": [
                [
                    -0.294361465390886,
                    -0.08329423436510691,
                    0.9520574553116328,
                    76.02397093558075
                ],
                [
                    -0.9556941601228559,
                    0.025655292152431623,
                    -0.29324133114491746,
                    -2.911011021450136
                ],
                [
                    1.2199866483456204e-16,
                    -0.9961946980917458,
                    -0.0871557427476582,
                    1.4180000000000001
                ],
                [
                    0.0,
                    0.0,
                    0.0,
                    1.0
                ]
            ]
        },
        {
            "file_path": "./MWH_Runway04_morning_overcast_1_2032.png",
            "transform_matrix": [
                [
                    0.16927724116026596,
                    -0.08589795232189062,
                    0.9818180877393101,
                    40.41032630293659
                ],
                [
                    -0.9855684733315943,
                    -0.014753483683597555,
                    0.16863309015145475,
                    3.596654033584958
                ],
                [
                    1.2199866483456202e-16,
                    -0.9961946980917458,
                    -0.0871557427476582,
                    1.4180000000000001
                ],
                [
                    0.0,
                    0.0,
                    0.0,
                    1.0
                ]
            ]
        },
        {
            "file_path": "./MWH_Runway04_morning_overcast_1_2014.png",
            "transform_matrix": [
                [
                    0.4524760178139547,
                    -0.07772344944558533,
                    0.888383092314068,
                    19.82265342477369
                ],
                [
                    -0.8917765714029643,
                    -0.039435883408077944,
                    0.4507542099599279,
                    -1.7384322006247812
                ],
                [
                    1.2199866483456204e-16,
                    -0.9961946980917458,
                    -0.0871557427476582,
                    1.4180000000000001
                ],
                [
                    0.0,
                    0.0,
                    0.0,
                    1.0
                ]
            ]
        },
        {
            "file_path": "./MWH_Runway04_morning_overcast_1_2016.png",
            "transform_matrix": [
                [
                    0.43768038530425324,
                    -0.07836439742514846,
                    0.8957091612438237,
                    22.111349565855953
                ],
                [
                    -0.899130624725863,
                    -0.03814635906727352,
                    0.43601487929884947,
                    -0.822608899156438
                ],
                [
                    1.2199866483456204e-16,
                    -0.9961946980917457,
                    -0.08715574274765818,
                    1.4180000000000001
                ],
                [
                    0.0,
                    0.0,
                    0.0,
                    1.0
                ]
            ]
        },
        {
            "file_path": "./MWH_Runway04_morning_overcast_1_2010.png",
            "transform_matrix": [
                [
                    0.4365307666202057,
                    -0.07841309176332785,
                    0.8962657400760625,
                    14.855826124255262
                ],
                [
                    -0.8996893295988211,
                    -0.038046163196988766,
                    0.434869635260974,
                    -3.751374647711767
                ],
                [
                    1.2199866483456204e-16,
                    -0.9961946980917458,
                    -0.0871557427476582,
                    1.4180000000000001
                ],
                [
                    0.0,
                    0.0,
                    0.0,
                    1.0
                ]
            ]
        },
        {
            "file_path": "./MWH_Runway04_morning_overcast_1_2026.png",
            "transform_matrix": [
                [
                    0.2790235202745717,
                    -0.08369428861578004,
                    0.9566300963207695,
                    33.29383456034263
                ],
                [
                    -0.9602842678777915,
                    -0.024318502153596676,
                    0.277961751540423,
                    2.539899378462272
                ],
                [
                    1.2199866483456202e-16,
                    -0.9961946980917458,
                    -0.0871557427476582,
                    1.4180000000000001
                ],
                [
                    0.0,
                    0.0,
                    0.0,
                    1.0
                ]
            ]
        },
        {
            "file_path": "./MWH_Runway04_morning_overcast_1_2041.png",
            "transform_matrix": [
                [
                    3.593632929081464e-05,
                    -0.08715574269138089,
                    0.9961946974484931,
                    51.4245072990716
                ],
                [
                    -0.9999999993542904,
                    -3.132057471087899e-06,
                    3.579958070839322e-05,
                    3.6499881191486394
                ],
                [
                    1.2199866483456204e-16,
                    -0.9961946980917458,
                    -0.0871557427476582,
                    1.4180000000000001
                ],
                [
                    0.0,
                    0.0,
                    0.0,
                    1.0
                ]
            ]
        },
        {
            "file_path": "./MWH_Runway04_morning_overcast_1_2006.png",
            "transform_matrix": [
                [
                    0.370147268541059,
                    -0.08096533954117938,
                    0.9254380656665119,
                    9.653058214462105
                ],
                [
                    -0.9289730887337876,
                    -0.032260460115713006,
                    0.3687387464337446,
                    -5.603316458413124
                ],
                [
                    1.2199866483456204e-16,
                    -0.9961946980917457,
                    -0.08715574274765818,
                    1.4180000000000001
                ],
                [
                    0.0,
                    0.0,
                    0.0,
                    1.0
                ]
            ]
        },
        {
            "file_path": "./MWH_Runway04_morning_overcast_1_2008.png",
            "transform_matrix": [
                [
                    0.40888212553336467,
                    -0.07953721570671445,
                    0.9091145355437577,
                    12.518652517725872
                ],
                [
                    -0.9125872053778304,
                    -0.03563642534710172,
                    0.40732620560082144,
                    -4.636218022913947
                ],
                [
                    1.2199866483456207e-16,
                    -0.996194698091746,
                    -0.08715574274765821,
                    1.4180000000000004
                ],
                [
                    0.0,
                    0.0,
                    0.0,
                    1.0
                ]
            ]
        },
        {
            "file_path": "./MWH_Runway04_morning_overcast_1_2050.png",
            "transform_matrix": [
                [
                    -0.16063355636756385,
                    -0.0860239481786652,
                    0.9832582269721742,
                    61.914882492716245
                ],
                [
                    -0.9870141136623677,
                    0.014000136915412726,
                    -0.16002229718898867,
                    1.970409497540464
                ],
                [
                    1.2199866483456204e-16,
                    -0.9961946980917458,
                    -0.0871557427476582,
                    1.4180000000000001
                ],
                [
                    0.0,
                    0.0,
                    0.0,
                    1.0
                ]
            ]
        },
        {
            "file_path": "./MWH_Runway04_morning_overcast_1_2058.png",
            "transform_matrix": [
                [
                    -0.2902406678109422,
                    -0.08340400916913288,
                    0.9533121870631749,
                    71.36178599822992
                ],
                [
                    -0.9569536847458494,
                    0.025296140978638876,
                    -0.2891362144438682,
                    -1.0716937711027166
                ],
                [
                    1.2199866483456204e-16,
                    -0.9961946980917458,
                    -0.0871557427476582,
                    1.4180000000000001
                ],
                [
                    0.0,
                    0.0,
                    0.0,
                    1.0
                ]
            ]
        },
        {
            "file_path": "./MWH_Runway04_morning_overcast_1_2052.png",
            "transform_matrix": [
                [
                    -0.19747836025970927,
                    -0.08543940617578198,
                    0.9765768813060582,
                    64.30758486099892
                ],
                [
                    -0.9803072463412362,
                    0.01721137316502447,
                    -0.19672689547857403,
                    1.339848980677055
                ],
                [
                    1.2199866483456207e-16,
                    -0.9961946980917458,
                    -0.0871557427476582,
                    1.4180000000000001
                ],
                [
                    0.0,
                    0.0,
                    0.0,
                    1.0
                ]
            ]
        },
        {
            "file_path": "./MWH_Runway04_morning_overcast_1_2005.png",
            "transform_matrix": [
                [
                    0.35724462296023357,
                    -0.08140440990026052,
                    0.9304566628354012,
                    8.699802644188
                ],
                [
                    -0.9340108561285576,
                    -0.031135920456706375,
                    0.35588519931476936,
                    -5.896462223810224
                ],
                [
                    1.2199866483456204e-16,
                    -0.9961946980917458,
                    -0.0871557427476582,
                    1.4180000000000001
                ],
                [
                    0.0,
                    0.0,
                    0.0,
                    1.0
                ]
            ]
        },
        {
            "file_path": "./MWH_Runway04_morning_overcast_1_2030.png",
            "transform_matrix": [
                [
                    0.207217068362085,
                    -0.08526402644057786,
                    0.9745722817598312,
                    37.95012009133668
                ],
                [
                    -0.9782949895504032,
                    -0.0180601575030899,
                    0.20642854485642387,
                    3.3205903259862826
                ],
                [
                    1.2199866483456204e-16,
                    -0.9961946980917457,
                    -0.08715574274765818,
                    1.4180000000000001
                ],
                [
                    0.0,
                    0.0,
                    0.0,
                    1.0
                ]
            ]
        },
        {
            "file_path": "./MWH_Runway04_morning_overcast_1_2022.png",
            "transform_matrix": [
                [
                    0.3513880504175808,
                    -0.0815978128928283,
                    0.9326672691559617,
                    28.554037017228595
                ],
                [
                    -0.9362299066061348,
                    -0.03062548652679593,
                    0.350050912798789,
                    1.3719526481490583
                ],
                [
                    1.2199866483456202e-16,
                    -0.9961946980917457,
                    -0.08715574274765818,
                    1.4180000000000001
                ],
                [
                    0.0,
                    0.0,
                    0.0,
                    1.0
                ]
            ]
        },
        {
            "file_path": "./MWH_Runway04_morning_overcast_1_2065.png",
            "transform_matrix": [
                [
                    -0.25399443703393926,
                    -0.0842975293639922,
                    0.9635251696239905,
                    80.09248413054807
                ],
                [
                    -0.9672056792408803,
                    0.022137073813466156,
                    -0.253027911518008,
                    -4.406088606575429
                ],
                [
                    1.2199866483456204e-16,
                    -0.9961946980917457,
                    -0.08715574274765818,
                    1.4180000000000001
                ],
                [
                    0.0,
                    0.0,
                    0.0,
                    1.0
                ]
            ]
        },
        {
            "file_path": "./MWH_Runway04_morning_overcast_1_2039.png",
            "transform_matrix": [
                [
                    0.04012603758531357,
                    -0.08708554979945118,
                    0.9953923890224547,
                    48.797876909434436
                ],
                [
                    -0.9991946262404049,
                    -0.003497214609268576,
                    0.03997334589791949,
                    3.8089082435802677
                ],
                [
                    1.2199866483456202e-16,
                    -0.9961946980917457,
                    -0.08715574274765818,
                    1.4180000000000001
                ],
                [
                    0.0,
                    0.0,
                    0.0,
                    1.0
                ]
            ]
        },
        {
            "file_path": "./MWH_Runway04_morning_overcast_1_2021.png",
            "transform_matrix": [
                [
                    0.36624530482768586,
                    -0.08110001685767536,
                    0.9269774344380564,
                    27.555190819996124
                ],
                [
                    -0.9305183376439586,
                    -0.031920381570099556,
                    0.36485163087033584,
                    1.0774568308213626
                ],
                [
                    1.2199866483456204e-16,
                    -0.996194698091746,
                    -0.08715574274765821,
                    1.4180000000000004
                ],
                [
                    0.0,
                    0.0,
                    0.0,
                    1.0
                ]
            ]
        },
        {
            "file_path": "./MWH_Runway04_morning_overcast_1_2000.png",
            "transform_matrix": [
                [
                    0.2660732628317181,
                    -0.08401402307947725,
                    0.9602846779638238,
                    1.9788728741467803
                ],
                [
                    -0.9639528094290113,
                    -0.023189812847391383,
                    0.2650607737369291,
                    -7.566642620236076
                ],
                [
                    1.2199866483456204e-16,
                    -0.9961946980917457,
                    -0.08715574274765818,
                    1.4180000000000001
                ],
                [
                    0.0,
                    0.0,
                    0.0,
                    1.0
                ]
            ]
        },
        {
            "file_path": "./MWH_Runway04_morning_overcast_1_2040.png",
            "transform_matrix": [
                [
                    0.0171051726705389,
                    -0.08714299149918557,
                    0.996048950654778,
                    50.307235361270166
                ],
                [
                    -0.9998536958315009,
                    -0.0014908140289278844,
                    0.01704008232433468,
                    3.731701883827129
                ],
                [
                    1.2199866483456204e-16,
                    -0.9961946980917457,
                    -0.08715574274765818,
                    1.4180000000000001
                ],
                [
                    0.0,
                    0.0,
                    0.0,
                    1.0
                ]
            ]
        },
        {
            "file_path": "./MWH_Runway04_morning_overcast_1_2029.png",
            "transform_matrix": [
                [
                    0.22443507883605046,
                    -0.08493231636272597,
                    0.9707808182206312,
                    36.83640705624652
                ],
                [
                    -0.9744890432364318,
                    -0.019560805994585317,
                    0.2235810356022764,
                    3.162974133339912
                ],
                [
                    1.2199866483456204e-16,
                    -0.9961946980917458,
                    -0.0871557427476582,
                    1.4180000000000001
                ],
                [
                    0.0,
                    0.0,
                    0.0,
                    1.0
                ]
            ]
        },
        {
            "file_path": "./MWH_Runway04_morning_overcast_1_2011.png",
            "transform_matrix": [
                [
                    0.44489046559230827,
                    -0.0780553749636152,
                    0.8921770183457705,
                    16.194253646725322
                ],
                [
                    -0.8955849896157594,
                    -0.0387747589700492,
                    0.4431975230546256,
                    -3.2240811777422236
                ],
                [
                    1.2199866483456204e-16,
                    -0.9961946980917458,
                    -0.0871557427476582,
                    1.4180000000000001
                ],
                [
                    0.0,
                    0.0,
                    0.0,
                    1.0
                ]
            ]
        },
        {
            "file_path": "./MWH_Runway04_morning_overcast_1_2059.png",
            "transform_matrix": [
                [
                    -0.2958739394735344,
                    -0.08325351824018175,
                    0.9515920678741725,
                    72.5327520153697
                ],
                [
                    -0.9552269949809898,
                    0.025787112954491438,
                    -0.294748049807053,
                    -1.5293164953695615
                ],
                [
                    1.2199866483456207e-16,
                    -0.9961946980917458,
                    -0.0871557427476582,
                    1.4180000000000001
                ],
                [
                    0.0,
                    0.0,
                    0.0,
                    1.0
                ]
            ]
        },
        {
            "file_path": "./MWH_Runway04_morning_overcast_1_2019.png",
            "transform_matrix": [
                [
                    0.3984661008718296,
                    -0.07993777087287071,
                    0.913692902043065,
                    25.325340992750917
                ],
                [
                    -0.9171830604933792,
                    -0.03472860898124771,
                    0.39694981705780735,
                    0.3552965019809129
                ],
                [
                    1.2199866483456204e-16,
                    -0.9961946980917458,
                    -0.0871557427476582,
                    1.4180000000000001
                ],
                [
                    0.0,
                    0.0,
                    0.0,
                    1.0
                ]
            ]
        },
        {
            "file_path": "./MWH_Runway04_morning_overcast_1_2002.png",
            "transform_matrix": [
                [
                    0.30071701855108884,
                    -0.08312160090664057,
                    0.9500842458521568,
                    4.533202730340706
                ],
                [
                    -0.9537134133238058,
                    -0.026209215108681568,
                    0.29957269950655185,
                    -7.016157053825948
                ],
                [
                    1.2199866483456204e-16,
                    -0.9961946980917458,
                    -0.0871557427476582,
                    1.4180000000000001
                ],
                [
                    0.0,
                    0.0,
                    0.0,
                    1.0
                ]
            ]
        },
        {
            "file_path": "./MWH_Runway04_morning_overcast_1_2012.png",
            "transform_matrix": [
                [
                    0.4491760585066536,
                    -0.07786871139765032,
                    0.890043444023772,
                    17.37185836175495
                ],
                [
                    -0.8934432653864642,
                    -0.039148273003613066,
                    0.447466807994076,
                    -2.7479635711727837
                ],
                [
                    1.2199866483456207e-16,
                    -0.996194698091746,
                    -0.08715574274765821,
                    1.4180000000000004
                ],
                [
                    0.0,
                    0.0,
                    0.0,
                    1.0
                ]
            ]
        },
        {
            "file_path": "./MWH_Runway04_morning_overcast_1_2057.png",
            "transform_matrix": [
                [
                    -0.2808212235405414,
                    -0.0836486039599375,
                    0.9561079183150547,
                    70.05189733714506
                ],
                [
                    -0.9597600952369263,
                    0.024475182316981918,
                    -0.2797526140027242,
                    -0.5737994061146396
                ],
                [
                    1.2199866483456204e-16,
                    -0.9961946980917458,
                    -0.0871557427476582,
                    1.4180000000000001
                ],
                [
                    0.0,
                    0.0,
                    0.0,
                    1.0
                ]
            ]
        },
        {
            "file_path": "./MWH_Runway04_morning_overcast_1_2007.png",
            "transform_matrix": [
                [
                    0.388610737255264,
                    -0.08030547801016404,
                    0.9178958138544263,
                    11.018805175417882
                ],
                [
                    -0.9214020267450689,
                    -0.03386965744519769,
                    0.3871319560752184,
                    -5.159702353027253
                ],
                [
                    1.2199866483456204e-16,
                    -0.9961946980917457,
                    -0.08715574274765818,
                    1.4180000000000001
                ],
                [
                    0.0,
                    0.0,
                    0.0,
                    1.0
                ]
            ]
        },
        {
            "file_path": "./MWH_Runway04_morning_overcast_1_2047.png",
            "transform_matrix": [
                [
                    -0.10758475657279255,
                    -0.08664988352907273,
                    0.9904127007654796,
                    58.47183162823304
                ],
                [
                    -0.9941959163832716,
                    0.009376629367427614,
                    -0.10717536409330701,
                    2.713739506875529
                ],
                [
                    1.2199866483456202e-16,
                    -0.9961946980917457,
                    -0.08715574274765818,
                    1.4180000000000001
                ],
                [
                    0.0,
                    0.0,
                    0.0,
                    1.0
                ]
            ]
        },
        {
            "file_path": "./MWH_Runway04_morning_overcast_1_2020.png",
            "transform_matrix": [
                [
                    0.38327987117768514,
                    -0.0804998551098953,
                    0.9201175542708137,
                    26.395512763072045
                ],
                [
                    -0.9236322538489102,
                    -0.03340504185271801,
                    0.3818213755524972,
                    0.711863250457311
                ],
                [
                    1.2199866483456207e-16,
                    -0.996194698091746,
                    -0.08715574274765821,
                    1.4180000000000004
                ],
                [
                    0.0,
                    0.0,
                    0.0,
                    1.0
                ]
            ]
        },
        {
            "file_path": "./MWH_Runway04_morning_overcast_1_2051.png",
            "transform_matrix": [
                [
                    -0.17638279022568779,
                    -0.08578928453728125,
                    0.9805760092775994,
                    62.93796035286738
                ],
                [
                    -0.9843216503319437,
                    0.015372773090024081,
                    -0.1757116004574587,
                    1.7121659957760338
                ],
                [
                    1.2199866483456204e-16,
                    -0.9961946980917457,
                    -0.08715574274765818,
                    1.4180000000000001
                ],
                [
                    0.0,
                    0.0,
                    0.0,
                    1.0
                ]
            ]
        },
        {
            "file_path": "./MWH_Runway04_morning_overcast_1_2048.png",
            "transform_matrix": [
                [
                    -0.1222084205707674,
                    -0.08650246333992816,
                    0.9887276802930742,
                    59.4233985306302
                ],
                [
                    -0.9925044594064044,
